DR3b_CS2021

---------------------------------------------------
                  Coordinates (Angstroms)
 Atoms        X              Y              Z
---------------------------------------------------
   C      -4.152604      -1.245639      -0.074232
   C      -3.230154      -0.043701      -0.119129
   C      -4.184433       1.134802      -0.086906
   C      -5.618148       0.711861       0.014813
   C      -5.590433      -0.842329       0.077960
   C      -3.769488       2.497393      -0.200943
   C      -2.977557       5.201227      -0.438049
   C      -4.722807       3.539972      -0.313920
   C      -2.401168       2.856598      -0.211894
   C      -2.007912       4.190407      -0.328909
   C      -4.327184       4.863148      -0.430246
   H      -5.781857       3.302440      -0.318685
   H      -1.647272       2.084217      -0.125174
   H      -5.077738       5.642920      -0.518468
   H      -2.664546       6.236087      -0.528211
   C      -3.710802      -2.599588      -0.169142
   C      -2.860053      -5.289472      -0.360957
   C      -2.334528      -2.927015      -0.207909
   C      -4.641319      -3.667143      -0.231305
   C      -4.216831      -4.982973      -0.326266
   C      -1.912508      -4.253659      -0.301122
   H      -1.597790      -2.134907      -0.160242
   H      -5.705862      -3.456252      -0.214990
   H      -4.950377      -5.782135      -0.375688
   H      -2.524616      -6.318676      -0.433287
   C      -0.510983      -4.541958      -0.333177
   C       0.682699      -4.741573      -0.360329
   C      -0.613067       4.510836      -0.338552
   C       0.576054       4.737426      -0.350748
   C       2.002240       4.852755      -0.361909
   C       4.794243       4.934714      -0.405736
   C       2.663035       6.048024      -0.670917
   C       2.756711       3.713072      -0.064010
   C       4.151631       3.731250      -0.095954
   C       4.052849       6.079505      -0.684947
   H       2.086383       6.938303      -0.899459
   H       2.232264       2.803662       0.209834
   H       4.565957       7.004512      -0.930177
   H       5.879038       4.970461      -0.453454
   C       2.111044      -4.823965      -0.383367
   C       4.903992      -4.842052      -0.442385
   C       2.841012      -3.669373      -0.081971
   C       2.797151      -6.001621      -0.704483
   C       4.187256      -6.001320      -0.726243
   C       4.235781      -3.655780      -0.120821
   H       2.297712      -2.773987       0.201233
   H       2.239670      -6.903301      -0.935876
   H       4.719861      -6.912693      -0.980760
   H       5.989087      -4.852809      -0.495358
   C       4.952758      -2.389207       0.170943
   H       3.504665      -1.177187      -0.832117
   C       4.414361      -1.190802      -0.237672
   C       6.779537      -1.187668       1.235419
   C       5.002909       0.046076       0.113499
   C       6.169765      -2.370875       0.907105
   C       6.204778       0.057158       0.867582
   C       4.386075       1.271583      -0.228898
   H       6.600712      -3.310527       1.241230
   H       7.670229       1.333099       1.823808
   H       7.700260      -1.191543       1.813270
   C       4.896341       2.479129       0.188863
   H       3.477609       1.241013      -0.824543
   C       6.112899       2.483338       0.926040
   H       6.521733       3.430064       1.267847
   C       6.750045       1.312191       1.245465
   O      -2.376138      -0.039689      -1.247213
   O      -2.265394      -0.024428       0.916744
   C      -3.029485      -0.051428      -2.494467
   H      -3.647034      -0.951101      -2.623997
   H      -3.658759       0.838594      -2.634251
   H      -2.241067      -0.050390      -3.248686
   C      -2.789553      -0.005444       2.224379
   H      -3.397803       0.891886       2.406026
   H      -1.928500       0.005402       2.894381
   H      -3.401972      -0.892365       2.433390
   H      -6.175776       1.047546      -0.869589
   H      -6.208598      -1.289568      -0.715065
   C      -6.168768      -1.158801       1.443660
   H      -6.218923      -2.173456       1.825962
   C      -6.556942      -0.068718       2.098073
   H      -6.982916      -0.064056       3.097026
   C      -6.346716       1.194201       1.308872
   H      -5.749474       1.929407       1.861612
   H      -7.302386       1.680908       1.075259
---------------------------------------------------
